=== QUERY 1: Daily Traffic Summary ===
Command: SELECT * FROM q1_daily_traffic LIMIT 20;

 id | run_id |  log_date  | status_code | request_count | total_bytes 
----+--------+------------+-------------+---------------+-------------
  1 |      1 | 1995-08-01 |         200 |         30745 |   529291863
  2 |      1 | 1995-08-01 |         302 |           399 |       29856
  3 |      1 | 1995-08-01 |         304 |          2608 |           0
  4 |      1 | 1995-08-01 |         403 |             1 |           0
  5 |      1 | 1995-08-01 |         404 |           243 |           0
  6 |      1 | 1995-08-03 |         200 |         37934 |   732897871
  7 |      1 | 1995-08-03 |         302 |           671 |       55734
  8 |      1 | 1995-08-03 |         304 |          2479 |           0
  9 |      1 | 1995-08-03 |         404 |           303 |           0
 10 |      1 | 1995-08-04 |         200 |         54336 |  1109677963
 11 |      1 | 1995-08-04 |         302 |           848 |       72923
 12 |      1 | 1995-08-04 |         304 |          4026 |           0
 13 |      1 | 1995-08-04 |         403 |             1 |           0
 14 |      1 | 1995-08-04 |         404 |           346 |           0
 15 |      1 | 1995-08-05 |         200 |         29336 |   613559045
 16 |      1 | 1995-08-05 |         302 |           507 |       43375
 17 |      1 | 1995-08-05 |         304 |          1811 |           0
 18 |      1 | 1995-08-05 |         403 |             2 |           0
 19 |      1 | 1995-08-05 |         404 |           236 |           0
 20 |      1 | 1995-08-06 |         200 |         29689 |   634069211


=== QUERY 2: Top Requested Resources ===
Command: SELECT * FROM q2_top_resources LIMIT 20;

 id | run_id |                  resource_path                  | request_count | total_bytes | distinct_host_count 
----+--------+-------------------------------------------------+---------------+-------------+---------------------
  1 |      1 | /images/NASA-logosmall.gif                      |         28824 |    19165038 |               14824
  2 |      1 | /images/KSC-logosmall.gif                       |         22966 |    23793448 |               15444
  3 |      1 | /images/MOSAIC-logosmall.gif                    |         21463 |     6895548 |               11311
  4 |      1 | /images/USA-logosmall.gif                       |         21379 |     4431726 |               11247
  5 |      1 | /images/WORLD-logosmall.gif                     |         21199 |    12601953 |               11143
  6 |      1 | /images/ksclogo-medium.gif                      |         20468 |   106749468 |               10197
  7 |      1 | /ksc.html                                       |         14321 |    97463043 |                6120
  8 |      1 | /history/apollo/images/apollo-logo1.gif         |         11889 |    12551100 |                8394
  9 |      1 | /images/launch-logo.gif                         |         10862 |    16665777 |                7736
 10 |      1 | /                                               |         10055 |    63564954 |                6133
 11 |      1 | /images/ksclogosmall.gif                        |          9119 |    30443125 |                6829
 12 |      1 | /shuttle/missions/sts-69/mission-sts-69.html    |          7178 |    75341456 |                4894
 13 |      1 | /shuttle/countdown/                             |          7072 |    30421698 |                5035
 14 |      1 | /shuttle/missions/missions.html                 |          7071 |    56929797 |                5045
 15 |      1 | /shuttle/missions/sts-69/count69.gif            |          6747 |   290093347 |                4660
 16 |      1 | /shuttle/missions/sts-69/sts-69-patch-small.gif |          6678 |    49104225 |                4853
 17 |      1 | /images/launchmedium.gif                        |          6214 |    68865930 |                4469
 18 |      1 | /icons/menu.xbm                                 |          4395 |     2083758 |                2998
 19 |      1 | /icons/blank.xbm                                |          4369 |     1986627 |                3005
 20 |      1 | /icons/image.xbm                                |          3745 |     1728055 |                2541


=== QUERY 3: Hourly Error Analysis ===
Command: SELECT * FROM q3_hourly_errors LIMIT 20;

 id | run_id |  log_date  | log_hour | error_request_count | total_request_count | error_rate | distinct_error_hosts 
----+--------+------------+----------+---------------------+---------------------+------------+----------------------
  1 |      1 | 1995-08-01 |        0 |                   4 |                1642 |     0.0024 |                    4
  2 |      1 | 1995-08-01 |        1 |                  19 |                1385 |     0.0137 |                    8
  3 |      1 | 1995-08-01 |        2 |                   5 |                 993 |      0.005 |                    2
  4 |      1 | 1995-08-01 |        3 |                  85 |                1219 |     0.0697 |                   16
  5 |      1 | 1995-08-01 |        4 |                   1 |                 985 |      0.001 |                    1
  6 |      1 | 1995-08-01 |        5 |                   5 |                1146 |     0.0044 |                    4
  7 |      1 | 1995-08-01 |        6 |                   1 |                1022 |      0.001 |                    1
  8 |      1 | 1995-08-01 |        7 |                   9 |                1778 |     0.0051 |                    6
  9 |      1 | 1995-08-01 |        8 |                  30 |                2858 |     0.0105 |                   11
 10 |      1 | 1995-08-01 |        9 |                  11 |                3199 |     0.0034 |                    7
 11 |      1 | 1995-08-01 |       10 |                  18 |                3788 |     0.0048 |                   14
 12 |      1 | 1995-08-01 |       11 |                  17 |                4048 |     0.0042 |                    9
 13 |      1 | 1995-08-01 |       12 |                  18 |                4443 |     0.0041 |                    9
 14 |      1 | 1995-08-01 |       13 |                  10 |                3299 |      0.003 |                    5
 15 |      1 | 1995-08-01 |       14 |                  11 |                2191 |      0.005 |                    4
 16 |      1 | 1995-08-03 |        4 |                   0 |                  16 |          0 |                    0
 17 |      1 | 1995-08-03 |        5 |                   0 |                  43 |          0 |                    0
 18 |      1 | 1995-08-03 |        6 |                   2 |                  70 |     0.0286 |                    1
 19 |      1 | 1995-08-03 |        7 |                   0 |                  58 |          0 |                    0
 20 |      1 | 1995-08-03 |        8 |                   0 |                 114 |          0 |                    0
